6,6,7,8,3,6,6,8,6,2,0,3,6,6,8,8,8,2,1
1,-1,1,8,6,9,3,9,7,-1,5,9,5,6,8,5,1,4,4
8,8,1,4,1,-1,0,2,3,3,6,6,3,6,0,8,2,6,6
8,8,1,4,8,6,6,-1,-1,6,3,3,-1,7,2,4,9,3,4
7,6,-1,6,0,7,1,8,0,7,2,3,2,-1,1,-1,0,0,-1
7,6,1,7,5,8,2,8,0,7,1,2,-1,9,2,4,8,4,9
-1,2,9,0,2,7,4,2,0,5,7,7,6,0,3,1,3,7,4
3,-1,5,3,3,4,3,1,7,9,8,6,0,8,-1,8,1,1,8
0,-1,1,2,-1,3,0,4,6,2,8,3,2,5,-1,3,1,7,0
5,9,-1,-1,3,5,0,7,5,2,1,-1,7,5,7,3,8,5,1
8,-1,-1,8,8,6,1,9,6,1,1,6,6,1,-1,8,1,0,6
7,7,8,9,6,2,2,2,7,3,6,9,4,5,2,6,1,7,9
6,1,7,6,4,3,6,3,1,1,-1,0,1,2,3,4,0,-1,9
0,6,0,1,9,-1,4,-1,1,3,1,5,9,3,2,2,9,5,7
3,6,9,5,0,2,4,2,8,6,0,9,4,8,3,3,3,1,4
7,8,5,8,6,9,-1,4,1,-1,0,9,3,5,5,1,0,7,0
4,6,7,0,3,5,-1,8,8,6,1,8,8,7,9,8,9,6,7
9,9,7,2,4,4,7,7,9,0,7,7,9,3,5,5,4,5,1
2,1,7,2,5,-1,9,2,6,1,9,3,5,1,5,4,2,3,4
0,0
18,18
end