5,9,1,5,2,2,1,1,3,1,5,-1,5,0,8,1
3,1,4,9,-1,7,4,6,4,9,5,6,7,4,0,5
4,-1,6,4,4,1,6,4,2,7,2,9,3,6,9,7
5,8,1,3,9,0,0,5,3,7,9,5,9,6,5,1
0,3,3,7,6,0,0,0,7,5,5,7,7,7,4,4
2,2,4,6,2,2,5,0,6,5,-1,8,-1,9,-1,3
6,3,7,8,-1,7,8,1,-1,1,8,3,9,4,5,6
-1,2,4,-1,4,6,9,9,8,7,5,6,7,5,3,2
-1,6,9,6,1,1,4,1,3,4,1,3,2,3,1,7
4,4,2,5,1,-1,9,0,4,-1,1,6,7,5,-1,3
0,1,6,3,4,8,2,6,3,4,0,7,3,9,-1,1
1,8,9,4,1,9,2,1,2,-1,9,8,1,7,2,-1
4,2,8,4,2,6,1,3,6,1,1,3,2,3,2,5
4,4,9,-1,0,1,8,5,9,-1,2,6,-1,-1,5,7
-1,5,2,3,9,6,6,2,8,1,-1,-1,3,-1,6,7
6,7,9,0,1,7,6,2,5,-1,6,6,1,2,7,4
0,0
15,15
end